***************input***************
0 0 0 1 0 0 0 0 
1 0 0 1 0 1 1 1 
1 0 1 1 0 1 1 0 
1 0 1 1 1 1 0 0 
0 0 0 1 0 0 1 1 
0 1 1 0 0 1 1 1 
0 0 1 1 1 1 0 0 
1 1 0 0 0 0 1 1 

***************im2col***************
000100101
001001011
010010110
100101101
000011011
000111110

100101101
001011011
010110111
101101111
011011110
111110100

101101000
011011001
110111010
101111100
011110001
110100011

101000011
011001110
111010100
111100001
110001011
100011111

000011001
001110011
010100111
100001111
001011110
011111100

011001110
110011100
100111000
001111000
011110001
111100011


***************weight***************
0 1 0 
0 1 0 
0 1 0 


1 0 0 
0 0 1 
0 0 0 


0 0 0 
0 0 1 
0 0 0 


0 1 1 
0 1 0 
0 1 0 


1 1 0 
1 1 1 
0 1 0 


1 1 0 
1 1 1 
1 0 1 


1 1 0 
0 1 0 
0 0 0 


0 1 1 
1 0 1 
1 0 1 


0 0 1 
1 0 0 
1 0 0 


1 1 0 
1 0 0 
1 0 0 


***************output***************
0000 0001 0000 0000 0000 0000 
0000 0000 0000 0001 0000 0000 
0000 0000 0000 0000 0000 0000 
0001 0000 0000 0000 0000 0000 
0000 0000 0000 0001 0000 0000 
0000 0000 0000 0000 0000 0000 

0000 0001 0000 0010 0001 0001 
0010 0001 0000 0010 0001 0001 
0010 0001 0010 0010 0000 0001 
0001 0001 0001 0001 0010 0010 
0001 0000 0000 0010 0001 0001 
0001 0010 0010 0001 0000 0001 

0000 0001 0000 0001 0001 0001 
0001 0001 0000 0001 0001 0000 
0001 0001 0001 0001 0000 0000 
0000 0001 0000 0000 0001 0001 
0001 0000 0000 0001 0001 0001 
0001 0001 0001 0001 0000 0000 

0000 0010 0001 0000 0000 0000 
0000 0001 0001 0010 0010 0001 
0001 0001 0001 0000 0001 0010 
0010 0011 0001 0010 0010 0000 
0000 0001 0010 0001 0001 0001 
0011 0000 0000 0000 0001 0011 

0001 0010 0001 0011 0011 0100 
0011 0011 0010 0100 0010 0010 
0011 0001 0100 0100 0001 0010 
0010 0001 0001 0001 0010 0100 
0010 0011 0001 0011 0011 0010 
0001 0010 0100 0011 0001 0010 

0001 0010 0001 0001 0011 0010 
0001 0011 0011 0001 0010 0001 
0001 0100 0011 0001 0100 0010 
0000 0001 0000 0010 0010 0001 
0011 0011 0010 0000 0001 0011 
0001 0001 0010 0011 0100 0010 

0000 0000 0000 0001 0000 0000 
0001 0000 0000 0001 0000 0001 
0001 0000 0001 0000 0000 0010 
0001 0001 0001 0010 0010 0000 
0000 0000 0001 0001 0000 0000 
0001 0001 0000 0000 0000 0010 

0000 0000 0000 0000 0000 0001 
0000 0000 0000 0000 0000 0000 
0000 0000 0000 0000 0000 0000 
0000 0000 0000 0000 0000 0001 
0000 0000 0000 0001 0001 0000 
0000 0001 0000 0000 0000 0000 

0010 0000 0001 0010 0000 0010 
0010 0000 0010 0001 0000 0001 
0000 0000 0001 0001 0000 0001 
0000 0000 0000 0000 0000 0001 
0000 0000 0010 0001 0000 0001 
0000 0001 0001 0000 0000 0000 

0000 0000 0010 0001 0000 0000 
0001 0000 0001 0001 0010 0010 
0000 0001 0001 0001 0000 0001 
0001 0010 0011 0001 0010 0010 
0000 0000 0001 0010 0001 0001 
0010 0011 0000 0000 0000 0001 

